# frank-gamepad capture log
Source=HID
VID=0x2563
PID=0x0575
Manufacturer=(none)
Product=(none)
Serial=(none)
ReportLen=27
Baseline=00 00 08 80 80 80 80 00 00 00 00 00 00 00 00 00 00 00 00 00 02 80 01 00 02 00 02

UP=byte[2]:-0x08 byte[9]:+0xFF
#   raw: 00 00 00 80 80 80 80 00 00 FF 00 00 00 00 00 00 00 00 00 00 02 80 01 00 02 00 02
DOWN=byte[2]:=0x04 byte[10]:+0xFF
#   raw: 00 00 04 80 80 80 80 00 00 00 FF 00 00 00 00 00 00 00 00 00 02 80 01 00 02 00 02
LEFT=byte[2]:=0x06 byte[8]:+0xFF
#   raw: 00 00 06 80 80 80 80 00 FF 00 00 00 00 00 00 00 00 00 00 00 02 80 01 00 02 00 02
RIGHT=byte[2]:=0x02 byte[7]:+0xFF
#   raw: 00 00 02 80 80 80 80 FF 00 00 00 00 00 00 00 00 00 00 00 00 02 80 01 00 02 00 02
SELECT=byte[1]:+0x01
#   raw: 00 01 08 80 80 80 80 00 00 00 00 00 00 00 00 00 00 00 00 00 02 80 01 00 02 00 02
START=byte[1]:+0x02
#   raw: 00 02 08 80 80 80 80 00 00 00 00 00 00 00 00 00 00 00 00 00 02 80 01 00 02 00 02
Y=byte[0]:+0x01 byte[11]:+0xFF
#   raw: 01 00 08 80 80 80 80 00 00 00 00 FF 00 00 00 00 00 00 00 00 02 80 01 00 02 00 02
B=byte[0]:+0x02 byte[12]:+0xFF
#   raw: 02 00 08 80 80 80 80 00 00 00 00 00 FF 00 00 00 00 00 00 00 02 80 01 00 02 00 02
A=byte[0]:+0x04 byte[13]:+0xFF
#   raw: 04 00 08 80 80 80 80 00 00 00 00 00 00 FF 00 00 00 00 00 00 02 80 01 00 02 00 02
X=byte[0]:+0x08 byte[14]:+0xFF
#   raw: 08 00 08 80 80 80 80 00 00 00 00 00 00 00 FF 00 00 00 00 00 02 80 01 00 02 00 02
L=byte[0]:+0x10 byte[15]:+0xFF
#   raw: 10 00 08 80 80 80 80 00 00 00 00 00 00 00 00 FF 00 00 00 00 02 80 01 00 02 00 02
R=byte[0]:+0x20 byte[16]:+0xFF
#   raw: 20 00 08 80 80 80 80 00 00 00 00 00 00 00 00 00 FF 00 00 00 02 80 01 00 02 00 02
